hf/sto-3g
Energy: -408.78671085893006
Frequencies: -408.7867108596383
