Distance: 2.433333333333333, Energy: -787.4586314021568
Distance: 2.2555555555555555, Energy: -785.216051087239
Distance: 2.433333333333333, Energy: -785.2184744686139
Distance: 3.5, Energy: -785.1794139129462
