Distance: 6.166666666666667, Energy: -785.2184831076569
Distance: 6.333333333333333, Energy: -785.2184727561504
Distance: 6.833333333333333, Energy: -785.2184839198643
